fx: 426.4366149902344
fy: 425.8566589355469
cx: 424.1968078613281
cy: 240.6771240234375
