converged: true
initial_cost_per_obs: 935.4588911728904
final_cost_per_obs: 0.3161362530711747
target_mount_to_target_pos:
  x: 0.0008846716369526494
  y: 0.1431423590577686
  z: 0.006517467251607813
camera_mount_to_camera_pos:
  x: -0.003135410343038534
  y: -0.007666021325282642
  z: 0.03535407690059681
target_mount_to_target_rpy:
  x: 0.01274480400082435
  y: -0.003442719375733838
  z: 0.03324105957600321
camera_mount_to_camera_rpy:
  x: 0.002206607133230699
  y: -0.00826550450319345
  z: 1.310010329723663